# ex 6
g = 1 + 1 / (1 + 1 / (1 + 1 / (1 + 1 / (1 + 1 / (1 + 1)))))
